% array4
% spiral
% P=spiral radius¡Á2/(number of curves-1)

delta		#curves	PSNR_GP	PSNR_DT	done
0.5005		103		40.4279	27.2312	¡Ì
0.4516		93		39.3124	26.7764	¡Ì
0.4024		83		37.7846	26.0985
0.3533		73				25.1500
0.2993		62				23.6837
0.2503		52				21.7615
0.2012		42				19.2223
0.1522		32				15.8914
0.1031		22			
0.0540		12


% Lissajous
delta		fx	fy	PSNR_GP	PSNR_DT	done
0.4997		41	43			20.9099		
0.4526		38	39			26.1880
0.4055		34	35	
0.3528		29	31
0.2998		25	26
0.2528		21	22
0.2058		17	18
0.1471		12	13
0.1001		8	9
0.0532		4	5





